10 10
3.61884 0 0 0 0 0 0 0 0 0 
-1.30491 1.99327 0 0 0 0 0 0 0 0 
0.49358 -0.142651 8.43036 0 0 0 0 0 0 0 
-0.0790776 0.291561 -0.0424615 2.35486 0 0 0 0 0 0 
0.0493712 -0.0125793 0.0151696 -0.363583 6.53348 0 0 0 0 0 
-0.95967 -0.588715 0.310394 -0.467612 0.331185 4.02821 0 0 0 0 
-0.155147 0.256436 -0.411665 0.990252 0.0459994 0.142328 7.47315 0 0 0 
-0.659815 0.360233 0.649847 -0.472316 -0.362921 0.0328928 -0.0538038 12.1723 0 0 
-0.623521 0.0340242 -0.132859 0.4645 -0.295152 -0.139378 0.627071 -0.840903 0.707201 0 
0.674727 0.446237 0.521122 0.569938 -0.0103167 0.0196186 0.0721688 -0.398885 -0.51752 1.1471 
