10 10
3.618839066402323 -4.7222746470456025 1.7861855020350101 -0.2861690156412321 0.1786664819140689 -3.472890820379378 -0.5614534001335607 -2.3877653812169033 -2.256420461785887 2.4417302099274947 
-4.7222746470456025 8.155429387805887 -2.6151593561174864 0.9545849400633488 -0.25821833388680104 3.3583598027666652 1.2437928205957258 3.8338683774114877 3.0122545330457204 -2.296780506265829 
1.7861855020350101 -2.6151593561174864 9.352549356446204 -0.5821153656568253 0.21964825858526546 1.0699843739377848 -3.8205197804120377 4.197463786278489 -2.2434473992703636 5.471550084483717 
-0.2861690156412321 0.9545849400633488 -0.5821153656568253 2.5621355434061788 -0.8830584424747401 -1.2797806709922703 2.67269715198344 -0.9466922618911184 1.3395981162246708 1.2218296508740318 
0.1786664819140689 -0.25821833388680104 0.21964825858526546 -0.8830584424747401 6.855851305235564 2.4471473321548243 -0.6341020066609715 -2.0105582251999814 -2.45531232045777 -0.37937217053543437 
-3.472890820379378 3.3583598027666652 1.0699843739377848 -1.2797806709922703 2.4471473321548243 10.09562624792926 -1.2568933464787686 3.4365364680607464 0.06625477261588864 -2.0741476259718157 
-0.5614534001335607 1.2437928205957258 -3.8205197804120377 2.67269715198344 -0.6341020066609715 -1.2568933464787686 11.52460849933353 -3.294390534589989 6.429309488905307 -0.08276291949003271 
-2.3877653812169033 3.8338683774114877 4.197463786278489 -0.9466922618911184 -2.0105582251999814 3.4365364680607464 -3.294390534589989 18.978455338742457 -9.537732872143632 -3.9269542157348707 
-2.256420461785887 3.0122545330457204 -2.2434473992703636 1.3395981162246708 -2.45531232045777 0.06625477261588864 6.429309488905307 -9.537732872143632 14.966581791067028 2.611496505390967 
2.4417302099274947 -2.296780506265829 5.471550084483717 1.2218296508740318 -0.37937217053543437 -2.0741476259718157 -0.08276291949003271 -3.9269542157348707 2.611496505390967 8.41316336049894 
